# AngleAlice(deg); AngleBob(deg); aliceLastBit; bobLastBit; A0B0; A1B0; CA0B1; A1B1 [Sum over 2 sec. for incidences and coincidences, Angles of HWP]
0;45;0;0;929;35;24;127
0;45;0;0;929;35;24;127
0;45;0;0;929;35;24;127
0;45;0;0;929;35;24;127
0;45;0;0;929;35;24;127
0;45;1;1;929;35;24;127
0;45;0;0;929;35;24;127
0;45;0;0;929;35;24;127
0;45;0;0;929;35;24;127
0;45;0;0;929;35;24;127
0;45;0;0;929;35;24;127
0;45;1;0;929;35;24;127
0;45;0;0;929;35;24;127
0;45;0;0;929;35;24;127
0;45;0;0;929;35;24;127
0;45;1;1;929;35;24;127
0;45;0;0;929;35;24;127
0;45;1;0;929;35;24;127
0;45;0;0;929;35;24;127
0;45;0;0;929;35;24;127
0;45;0;0;929;35;24;127
0;45;1;1;929;35;24;127
0;45;1;1;929;35;24;127
0;45;0;0;929;35;24;127
0;45;0;0;929;35;24;127
