# AngleAlice(deg); AngleBob(deg); aliceLastBit; bobLastBit; A0B0; A1B0; CA0B1; A1B1 [Sum over 2 sec. for incidences and coincidences, Angles of HWP]
130;45;0;0;65;491;494;30
130;45;1;0;65;491;494;30
130;45;0;1;65;491;494;30
130;45;1;0;65;491;494;30
130;45;0;1;65;491;494;30
130;45;1;0;65;491;494;30
130;45;1;0;65;491;494;30
130;45;0;1;65;491;494;30
130;45;1;0;65;491;494;30
130;45;1;0;65;491;494;30
130;45;0;1;65;491;494;30
130;45;1;0;65;491;494;30
130;45;1;0;65;491;494;30
130;45;1;0;65;491;494;30
130;45;1;0;65;491;494;30
130;45;1;0;65;491;494;30
130;45;0;1;65;491;494;30
130;45;1;0;65;491;494;30
130;45;1;0;65;491;494;30
130;45;1;0;65;491;494;30
130;45;0;1;65;491;494;30
130;45;1;0;65;491;494;30
130;45;1;0;65;491;494;30
130;45;1;0;65;491;494;30
130;45;1;0;65;491;494;30
