# AngleAlice(deg); AngleBob(deg); aliceLastBit; bobLastBit; A0B0; A1B0; CA0B1; A1B1 [Sum over 2 sec. for incidences and coincidences, Angles of HWP]
11;12;0;1;36;1003;114;52
11;12;0;1;36;1003;114;52
11;12;0;1;36;1003;114;52
11;12;0;1;36;1003;114;52
11;12;0;1;36;1003;114;52
11;12;0;1;36;1003;114;52
11;12;1;0;36;1003;114;52
11;12;0;1;36;1003;114;52
11;12;0;1;36;1003;114;52
11;12;0;1;36;1003;114;52
11;12;0;1;36;1003;114;52
11;12;1;0;36;1003;114;52
11;12;0;1;36;1003;114;52
11;12;0;1;36;1003;114;52
11;12;0;1;36;1003;114;52
11;12;0;1;36;1003;114;52
11;12;0;1;36;1003;114;52
11;12;0;1;36;1003;114;52
11;12;0;1;36;1003;114;52
11;12;0;1;36;1003;114;52
11;12;1;1;36;1003;114;52
11;12;0;1;36;1003;114;52
11;12;0;1;36;1003;114;52
11;12;1;1;36;1003;114;52
11;12;0;1;36;1003;114;52
