# AngleAlice(deg); AngleBob(deg); aliceLastBit; bobLastBit; A0B0; A1B0; CA0B1; A1B1 [Sum over 2 sec. for incidences and coincidences, Angles of HWP]
0;0;0;1;0;0;0;0
0;0;0;1;0;0;0;0
0;0;1;0;0;0;0;0
0;0;0;1;0;0;0;0
0;0;0;1;0;0;0;0
0;0;0;1;0;0;0;0
0;0;0;1;0;0;0;0
0;0;0;1;0;0;0;0
0;0;0;1;0;0;0;0
0;0;0;1;0;0;0;0
0;0;0;1;0;0;0;0
0;0;0;1;0;0;0;0
0;0;0;1;0;0;0;0
0;0;0;1;0;0;0;0
0;0;0;1;0;0;0;0
0;0;0;1;0;0;0;0
0;0;0;1;0;0;0;0
0;0;0;1;0;0;0;0
0;0;0;0;0;0;0;0
0;0;0;1;0;0;0;0
0;0;0;1;0;0;0;0
0;0;0;1;0;0;0;0
0;0;0;1;0;0;0;0
0;0;0;1;0;0;0;0
0;0;0;1;0;0;0;0
