# AngleAlice(deg); AngleBob(deg); aliceLastBit; bobLastBit; A0B0; A1B0; CA0B1; A1B1 [Sum over 2 sec. for incidences and coincidences, Angles of HWP]
20;20;0;0;421;214;39;300
20;20;0;1;421;214;39;300
20;20;1;0;421;214;39;300
20;20;1;1;421;214;39;300
20;20;0;0;421;214;39;300
20;20;0;0;421;214;39;300
20;20;0;1;421;214;39;300
20;20;0;0;421;214;39;300
20;20;0;0;421;214;39;300
20;20;0;0;421;214;39;300
20;20;0;0;421;214;39;300
20;20;1;1;421;214;39;300
20;20;0;1;421;214;39;300
20;20;0;0;421;214;39;300
20;20;1;1;421;214;39;300
20;20;1;1;421;214;39;300
20;20;0;1;421;214;39;300
20;20;1;1;421;214;39;300
20;20;1;1;421;214;39;300
20;20;0;0;421;214;39;300
20;20;1;1;421;214;39;300
20;20;1;1;421;214;39;300
20;20;1;1;421;214;39;300
20;20;1;0;421;214;39;300
20;20;0;0;421;214;39;300
