# AngleAlice(deg); AngleBob(deg); aliceLastBit; bobLastBit; A0B0; A1B0; CA0B1; A1B1 [Sum over 2 sec. for incidences and coincidences, Angles of HWP]
90;45;1;1;894;29;26;137
90;45;0;0;894;29;26;137
90;45;0;0;894;29;26;137
90;45;0;0;894;29;26;137
90;45;0;0;894;29;26;137
90;45;0;0;894;29;26;137
90;45;1;1;894;29;26;137
90;45;0;0;894;29;26;137
90;45;0;0;894;29;26;137
90;45;0;0;894;29;26;137
90;45;0;0;894;29;26;137
90;45;0;0;894;29;26;137
90;45;1;1;894;29;26;137
90;45;0;0;894;29;26;137
90;45;1;1;894;29;26;137
90;45;0;0;894;29;26;137
90;45;1;1;894;29;26;137
90;45;0;0;894;29;26;137
90;45;0;0;894;29;26;137
90;45;0;0;894;29;26;137
90;45;0;0;894;29;26;137
90;45;0;0;894;29;26;137
90;45;0;0;894;29;26;137
90;45;0;0;894;29;26;137
90;45;0;0;894;29;26;137
