# AngleAlice(deg); AngleBob(deg); A0; A1; B0; B1; A0B0; A1B0; A0B1; A1B1 [Sum over 5 sec. for incidences and coincidences, Angles of HWP]
0;23;46511;19398;26349;32496;458;35;619;90
10;23;42772;23435;26308;32005;492;26;322;190
20;23;39687;29165;26296;31653;470;68;140;289
30;23;34810;36998;26027;32199;349;149;39;357
40;23;33058;40911;26596;32564;234;198;106;336
50;23;34250;40273;26339;32273;103;272;329;246
60;23;36692;34972;26345;32313;87;236;553;146
70;23;40798;27409;25974;31772;145;205;705;57
80;23;43834;21518;26569;32196;255;117;695;51
90;23;44526;19602;26533;32384;383;47;587;97
100;23;42845;22593;25663;31692;459;16;353;193
110;23;40414;29527;26789;32763;461;58;134;294
120;23;38208;36994;26712;32539;371;132;79;359
130;23;36642;41166;26488;32614;255;182;154;325
140;23;37752;41157;26742;32487;154;240;372;265
150;23;39226;37542;26112;31980;71;260;582;163
160;23;42358;30100;26888;32520;120;222;738;77
170;23;44294;24297;26790;32448;247;114;681;33
180;23;44647;22370;26274;32499;414;46;531;100
