# AngleAlice(deg); AngleBob(deg); A0; A1; B0; B1; A0B0; A1B0; A0B1; A1B1 [Sum over 5 sec. for incidences and coincidences, Angles of HWP]
0;0;44425;17422;23210;32732;38;106;1021;22
5;0;44035;18940;23537;32966;30;95;953;54
10;0;42753;21277;23856;32843;45;114;863;81
15;0;40294;25016;23849;33167;62;95;708;175
20;0;37456;29632;23533;32591;109;82;512;289
23;0;36139;31489;23893;32997;143;66;380;356
25;0;35752;32446;23931;32931;165;87;355;342
30;0;33841;35900;23671;32921;205;66;238;444
35;0;32300;39171;24354;33912;247;47;126;492
40;0;31799;41111;23639;33076;249;17;62;528
45;0;32197;40720;23854;32737;250;8;69;526
50;0;32877;39584;23583;32951;311;8;127;502
55;0;34411;36988;23785;32923;271;11;223;485
60;0;35982;34242;23755;32685;239;18;338;432
65;0;37546;29317;24003;32839;209;27;529;321
70;0;40153;26551;23764;33169;147;47;653;250
75;0;41686;23251;23945;32621;113;65;807;136
80;0;43219;20253;23838;32664;85;68;881;92
85;0;43230;18863;23484;32262;52;104;933;36
90;0;44111;18429;23836;32993;33;94;956;22
95;0;43508;19433;23711;32829;50;101;904;34
100;0;42297;21596;23808;32896;68;99;799;90
105;0;41352;24727;24391;33498;78;104;668;163
110;0;39424;28556;24045;33224;134;76;517;248
115;0;38238;32519;23667;32983;180;77;374;358
120;0;37100;36144;24027;32748;278;57;211;377
125;0;36117;38679;23932;33048;282;49;102;480
130;0;34967;40185;23917;33207;344;27;57;544
135;0;35849;41265;24153;33025;327;25;51;560
140;0;37653;42104;24022;33220;334;11;95;605
145;0;37371;39379;24023;33214;346;17;176;508
150;0;38582;36342;23945;33348;295;15;302;488
155;0;40712;33860;23352;32866;230;36;522;367
160;0;41284;28229;24130;33275;186;61;660;259
165;0;42864;25736;24245;33721;156;66;786;157
170;0;42372;22138;24223;33665;88;76;907;81
175;0;42839;20591;24902;34057;62;95;923;43
180;0;44221;21671;24406;33488;33;113;950;25
