# AngleAlice(deg); AngleBob(deg); A0; A1; B0; B1; A0B0; A1B0; A0B1; A1B1 [Sum over 5 sec. for incidences and coincidences, Angles of HWP]
0;0;44656;16914;22919;31962;35;85;1021;24
0;5;44722;17197;23012;32183;36;81;1007;24
0;10;44441;17152;23360;32024;93;76;965;44
0;15;44157;17309;23878;31769;191;72;830;72
0;20;44819;17394;24706;31175;349;42;683;84
0;23;44633;17319;25247;30901;395;49;624;71
0;25;44392;17507;25061;30702;417;39;601;107
0;30;44973;17488;26185;29678;661;35;356;95
0;35;44683;17462;26764;29136;748;31;193;129
0;40;44698;17436;27799;28250;866;20;95;108
0;45;45060;17519;28600;27610;979;21;48;114
0;50;44812;17629;29030;28192;940;32;46;113
0;55;45022;17720;28231;28246;870;38;115;98
0;60;44457;17446;27975;29133;779;47;224;74
0;65;45131;17491;26840;29862;620;63;376;76
0;70;44313;17709;25834;30299;502;65;554;54
0;75;44723;17546;25171;31719;349;89;721;35
0;80;44977;17455;24093;32882;202;101;862;32
0;85;44905;17558;23322;34234;82;76;1021;28
0;90;44859;17321;22920;34909;37;101;1079;21
0;95;43830;16903;22796;35035;30;63;1122;33
0;100;44140;16879;22670;34687;67;91;1063;45
0;105;43871;17006;23312;33823;186;62;908;59
0;110;43942;16612;23675;33437;284;66;829;65
0;115;44905;17693;25289;30819;483;44;603;92
0;120;45434;17927;26574;29571;651;32;412;96
0;125;44917;17426;27648;27639;798;20;243;111
0;130;45242;18086;28700;26678;932;17;117;98
0;135;44499;17345;28762;26180;953;21;63;109
0;140;45091;17664;28570;25422;911;33;32;88
0;145;44735;17739;28662;25887;892;30;85;83
0;150;44688;17819;27727;26241;779;39;181;91
0;155;44933;17454;25718;27716;626;53;361;52
0;160;45219;17627;24409;28690;500;63;488;51
0;165;45417;17785;22352;30509;311;44;737;38
0;170;44848;17734;21553;32044;201;90;843;25
0;175;45016;17774;20438;33128;87;63;1017;13
0;180;44992;18119;19209;33154;39;76;1025;22
