# AngleAlice(deg); AngleBob(deg); A0; A1; B0; B1; A0B0; A1B0; A0B1; A1B1 [Sum over 5 sec. for incidences and coincidences, Angles of HWP]
0;159;44354;17286;26309;29736;682;52;321;88
10;340;41932;20164;25281;29462;321;160;544;35
20;351;37269;27076;23652;29411;73;137;587;178
30;351;33188;34529;23690;29461;125;96;341;337
40;351;30692;39820;23796;29750;199;64;128;537
50;351;31342;39593;23639;30189;298;28;84;575
60;351;34696;33840;23572;29708;305;13;206;445
70;351;38444;25822;23855;29845;247;26;480;264
80;351;41118;19364;24049;30066;168;52;660;104
90;351;42298;17433;23700;29453;96;95;794;18
100;351;40254;20714;23105;29294;58;128;710;61
110;351;37471;28115;23733;29566;95;123;497;229
120;5;35227;36323;19740;25067;234;56;154;360
130;45;34311;41020;29455;30391;30;504;514;25
140;45;35677;39960;29340;30036;145;513;467;16
150;45;36988;34185;29515;30692;420;384;317;73
160;45;40604;26371;29636;31029;704;190;156;122
170;45;41962;20495;29698;31045;839;48;56;146
180;45;42374;20169;29737;30576;854;25;38;175
200;45;38719;30589;29434;30551;461;302;294;103
220;45;35199;42458;29493;30633;34;597;512;29
240;45;37850;37319;29542;30724;356;387;364;48
260;45;43064;22066;29488;30512;935;84;56;155
280;45;42180;21886;29442;30489;746;99;133;160
300;45;33590;36892;29485;30554;185;490;366;41
320;45;31581;39385;29502;30187;123;546;433;15
340;45;39492;24200;29378;29999;737;210;149;79
