# AngleAlice(deg); AngleBob(deg); A0; A1; B0; B1; A0B0; A1B0; A0B1; A1B1 [Sum over 5 sec. for incidences and coincidences, Angles of HWP]
0;0;44494;18176;22931;28829;26;105;1001;21
0;45;44388;17908;30013;31345;1005;27;35;146
0;90;44413;18082;22434;31457;34;101;982;31
0;135;44406;17924;30613;29580;1048;32;50;131
0;180;44665;17830;19412;30686;34;77;1060;22
0;225;44509;17651;26354;27895;874;21;48;119
0;270;44133;17985;19663;28087;21;73;879;24
0;315;44432;17889;26055;29910;892;20;24;170
0;10;44534;17663;23952;30009;144;73;852;72
0;20;44346;17909;25561;30321;350;63;580;98
0;30;44564;17580;27835;30412;638;34;285;142
0;40;44022;17606;29751;31240;906;21;87;169
0;50;43797;17568;29873;31588;931;32;54;154
0;60;43999;17600;28736;31313;752;63;245;105
0;70;43971;17632;26221;31001;471;68;575;64
0;80;44360;17573;24373;31309;166;100;829;25
0;100;44565;17431;22927;31488;122;72;900;51
0;110;43877;17551;24929;31041;424;57;632;99
0;120;44388;17422;27967;30458;718;30;322;120
0;130;44287;17220;29956;29403;936;24;65;131
0;140;43599;17160;29430;29032;934;29;85;131
0;150;44187;17204;27108;29507;672;54;290;87
0;160;43945;17512;23420;30178;348;57;634;47
0;170;44032;17171;20405;30601;128;84;873;30
0;190;44221;17400;19700;30478;105;68;999;46
0;200;44079;17276;22194;28758;383;37;586;93
0;210;43976;17467;24408;28380;657;13;277;92
0;220;43992;17467;26352;28109;871;19;67;133
0;230;43966;17241;26126;27686;782;26;66;144
0;240;44249;17184;24760;28458;632;41;255;91
0;250;44007;17166;22832;28751;407;59;519;58
0;260;44044;17036;20435;28855;143;79;779;35
350;280;43675;18945;21000;27931;50;82;925;41
10;290;41867;20374;22274;27974;408;23;321;192
10;300;41790;20261;23968;28413;626;34;113;180
10;311;41883;20288;25189;29531;713;58;51;164
10;321;41883;20305;25615;29412;648;117;210;97
10;331;42239;20016;25675;29625;419;157;472;43
10;341;42107;19879;24247;29469;202;149;688;25
19;351;39245;24608;23154;28979;58;119;690;156
