# AngleAlice(deg); AngleBob(deg); A0; A1; B0; B1; A0B0; A1B0; A0B1; A1B1 [Sum over 5 sec. for incidences and coincidences, Angles of HWP]
23;0;36176;31354;23791;32961;143;77;402;330
23;5;37143;32218;23085;33369;196;44;318;392
23;10;37378;32300;23106;32762;290;29;240;411
23;15;37310;32444;23541;32086;387;23;146;378
23;20;37383;32313;24963;32266;416;57;104;377
23;23;37626;32744;24872;31469;407;75;72;349
23;25;37139;32147;25563;30442;460;94;69;297
23;30;37413;32550;27131;30530;433;166;62;267
23;35;37352;32313;27036;29341;416;220;91;195
23;40;37400;32499;28302;28180;407;256;116;136
23;45;37407;32270;28220;27584;362;292;214;81
23;50;37587;32595;28300;27397;265;334;307;48
23;55;37407;32431;28713;28036;185;320;368;25
23;60;37405;32381;28028;28438;149;363;414;37
23;65;37404;32081;27091;29648;101;293;514;62
23;70;37212;32606;26635;31646;64;273;540;135
23;75;37421;32502;25718;32895;43;235;505;200
23;80;37412;32370;24112;33245;63;164;518;239
23;85;37208;32487;23400;34713;101;110;460;317
23;90;37057;32248;22775;34957;179;52;379;361
23;95;37809;32513;22593;35177;231;41;316;375
23;100;37231;32547;22806;34932;289;20;231;423
23;105;37632;32287;23471;33642;398;46;148;406
23;110;37685;32320;24944;32361;424;73;106;382
23;115;37332;32517;25485;30518;436;97;63;305
23;120;37762;32610;26680;28361;465;192;55;248
23;125;37634;32425;27252;27566;451;201;77;177
23;130;37517;32692;28480;25408;363;266;97;114
23;135;37312;32563;28544;24971;348;263;173;71
23;140;37741;32707;28434;24329;267;338;248;46
23;145;36949;32458;28136;25126;201;338;303;35
23;150;37067;32220;26997;26186;125;327;399;49
23;155;37603;32194;25909;27062;89;263;427;75
23;160;37299;32966;24066;28802;58;230;486;129
23;165;37418;32898;22515;30470;46;183;495;178
23;170;37582;32635;21187;32203;47;108;515;237
23;175;37633;32856;20022;33197;63;81;500;296
23;180;37440;32536;19608;33919;108;57;416;356
